1 0.987752357028317 0.986739463739043 0.972631223465903 0.639957940252922 0.970940923609392 0.970328704009945 0.954424157555114 0.980965847728602 0.987351434719069 0.971549518981421 0.977336582445275 0.989087827794803 0.959963149008021 0.781925413054094 0.990277327864231 0.904740479211033 0.972165579043012 0.979891782591747 0.98511293586586 0.984847038082057 0.968610785494464 0.889641264520613 0.819095556070636 0.982685593069052 0.884095622202656 0.907071415382383 0.979545048948652 0.860160812349808 
0.987752357028317 1 0.992706413610942 0.994288887641912 0.62397242568974 0.989033184481367 0.979330521800874 0.976877849601693 0.981681059779587 0.994392604023606 0.989655635888385 0.993398749266144 0.981064684351406 0.952436417358406 0.751167938145923 0.994516692124534 0.880229217675899 0.982589818018338 0.993677426223622 0.985695677228744 0.982669554862969 0.988316866835239 0.874256668213959 0.772658590149285 0.990233960777161 0.865301741286744 0.902700778470262 0.993798636504669 0.82711732812124 
0.986739463739043 0.992706413610942 1 0.980710833078652 0.635201734355926 0.981806920477833 0.965682451013714 0.967608766526121 0.982288032306176 0.993114706006692 0.980964954119922 0.985169839709913 0.983549112657644 0.95217608806295 0.767362564471266 0.98867269029285 0.884690037209381 0.975640453965987 0.983149016512103 0.989003956393353 0.975479148228143 0.976300190998302 0.884138376560072 0.768889498244698 0.981261648005541 0.876026265008897 0.909156046953045 0.981703468982922 0.830527423168256 
0.972631223465903 0.994288887641912 0.980710833078652 1 0.593657313377101 0.992478843403983 0.974428081098027 0.983120838895688 0.968097570158942 0.988416597779482 0.98941019495705 0.993831856378209 0.965381800630309 0.939778231396276 0.715110711872055 0.988833616520518 0.85452222379219 0.974138090054742 0.995601178335847 0.976251948433786 0.976990391183758 0.991491639880446 0.848432378634236 0.730638831244588 0.987534255651227 0.836090221056045 0.88400419361522 0.99462701464436 0.802373370675519 
0.639957940252922 0.62397242568974 0.635201734355926 0.593657313377101 1 0.54864556703252 0.602430633010301 0.499320648944634 0.697917789383664 0.606548471178247 0.551876442662763 0.571394752984826 0.693395676095118 0.706231719627205 0.754557791443075 0.609857310921067 0.699619900792724 0.709018173464792 0.619716862425891 0.672851946056431 0.594504537370556 0.536352034660938 0.774324161651995 0.660002776735761 0.579614713061431 0.800319426869252 0.683831961445401 0.571466720177605 0.6864639870181 
0.970940923609392 0.989033184481367 0.981806920477833 0.992478843403983 0.54864556703252 1 0.971799934206769 0.996601285709706 0.960203423335419 0.9915032947656 0.997624309192639 0.998358689675765 0.955264110965141 0.920060152483958 0.685959677160366 0.987432596591673 0.832160528553927 0.968161397638845 0.984480219866804 0.965747692163058 0.978178142871114 0.997314797283303 0.811443157417271 0.712508788753756 0.988502438535333 0.804668656806791 0.864178929142659 0.99318130392 0.779655128932652 
0.970328704009945 0.979330521800874 0.965682451013714 0.974428081098027 0.602430633010301 0.971799934206769 1 0.962777525627928 0.966800428483954 0.970090092700139 0.975685654696689 0.97708773793979 0.962261099754785 0.954456832070442 0.778946487534981 0.987347594187418 0.887526732208492 0.976726412142944 0.972763892155206 0.965478196140289 0.987453847105877 0.981082514964273 0.858806709435783 0.766293132982718 0.977709844050438 0.855235552471222 0.914243162518061 0.987563336926079 0.837064480313661 
0.954424157555114 0.976877849601693 0.967608766526121 0.983120838895688 0.499320648944634 0.996601285709706 0.962777525627928 1 0.941116463349198 0.982586307720917 0.996159112914197 0.993908086598195 0.931758724959969 0.893376498656288 0.646500117450458 0.975429337537172 0.799153588380864 0.954271300467851 0.969540185451653 0.945088367609724 0.967706756874079 0.995838612711471 0.767312506763954 0.689341010253645 0.980388777493116 0.764726070855702 0.834224408323371 0.985719029054673 0.747604002488097 
0.980965847728602 0.981681059779587 0.982288032306176 0.968097570158942 0.697917789383664 0.960203423335419 0.966800428483954 0.941116463349198 1 0.976521834300291 0.962466980040064 0.96908068681731 0.990978710949896 0.978825625629823 0.838772072271819 0.98102987333321 0.917563725900015 0.981270284124473 0.969010274374183 0.990805237148211 0.967173026638435 0.95916504110454 0.915854023348048 0.80190463547017 0.974747835313022 0.926530303372029 0.950426034196609 0.966471720767083 0.866420318152679 
0.987351434719069 0.994392604023606 0.993114706006692 0.988416597779482 0.606548471178247 0.9915032947656 0.970090092700139 0.982586307720917 0.976521834300291 1 0.991413292335196 0.994739942344826 0.975417156575574 0.939577826257709 0.729908536398507 0.990067618050416 0.859838535979932 0.976951967182328 0.986532900328516 0.982013449584947 0.981437135245162 0.98741398782631 0.845712050348078 0.76345751032494 0.987573306721043 0.844694328974653 0.886700046827231 0.98938416509221 0.812221969015972 
0.971549518981421 0.989655635888385 0.980964954119922 0.98941019495705 0.551876442662763 0.997624309192639 0.975685654696689 0.996159112914197 0.962466980040064 0.991413292335196 1 0.998316407612658 0.954456854108664 0.918519773193393 0.690521664529955 0.987065995638359 0.830690075892213 0.97235030108628 0.979558896519441 0.962661760020176 0.97802765867723 0.997741458587491 0.807668159764756 0.729550898404531 0.989675771366887 0.805466922416581 0.862879740330942 0.992544966071414 0.776676266377551 
0.977336582445275 0.993398749266144 0.985169839709913 0.993831856378209 0.571394752984826 0.998358689675765 0.97708773793979 0.993908086598195 0.96908068681731 0.994739942344826 0.998316407612658 1 0.963655965747482 0.929736030074617 0.705217611528563 0.99104020597279 0.844195288997784 0.975921798335044 0.986743284716065 0.971708453562186 0.981773155538425 0.997554338742877 0.823203894998572 0.731732046659019 0.991376956551867 0.820866745201772 0.876798325406448 0.995094894562615 0.791548504760541 
0.989087827794803 0.981064684351406 0.983549112657644 0.965381800630309 0.693395676095118 0.955264110965141 0.962261099754785 0.931758724959969 0.990978710949896 0.975417156575574 0.954456854108664 0.963655965747482 1 0.977033759903552 0.825062694830091 0.983971371958893 0.918035284962374 0.973411741841643 0.976904416399655 0.99288231148622 0.97113675846371 0.951504426094073 0.927722716619092 0.792866482375895 0.971388784395601 0.921328234814639 0.943424691438644 0.967954563259457 0.861727852803859 
0.959963149008021 0.952436417358406 0.95217608806295 0.939778231396276 0.706231719627205 0.920060152483958 0.954456832070442 0.893376498656288 0.978825625629823 0.939577826257709 0.918519773193393 0.929736030074617 0.977033759903552 1 0.896463536533912 0.961345744495633 0.949481679214623 0.949821842992915 0.948750488297765 0.980367392497308 0.953028522003649 0.923203380753837 0.951087609439607 0.796891247440342 0.947323971220849 0.958265473553741 0.971326091362391 0.941726651370199 0.911826560539504 
0.781925413054094 0.751167938145923 0.767362564471266 0.715110711872055 0.754557791443075 0.685959677160366 0.778946487534981 0.646500117450458 0.838772072271819 0.729908536398507 0.690521664529955 0.705217611528563 0.825062694830091 0.896463536533912 1 0.766248154302496 0.92848135132495 0.781357864070543 0.731294667871139 0.821208930980111 0.757973702377088 0.696785462927775 0.924423233828732 0.787825579895427 0.735492839252623 0.957046391223205 0.919326275782734 0.723257667796712 0.923077226117795 
0.990277327864231 0.994516692124534 0.98867269029285 0.988833616520518 0.609857310921067 0.987432596591673 0.987347594187418 0.975429337537172 0.98102987333321 0.990067618050416 0.987065995638359 0.99104020597279 0.983971371958893 0.961345744495633 0.766248154302496 1 0.888329558571125 0.980198244995253 0.990703113154381 0.986615645302353 0.991941073733724 0.988296643186545 0.876015479985011 0.764320247520869 0.992412292319459 0.86673352410439 0.912125566954491 0.995514404144898 0.833255106696169 
0.904740479211033 0.880229217675899 0.884690037209381 0.85452222379219 0.699619900792724 0.832160528553927 0.887526732208492 0.799153588380864 0.917563725900015 0.859838535979932 0.830690075892213 0.844195288997784 0.918035284962374 0.949481679214623 0.92848135132495 0.888329558571125 1 0.871592625321929 0.868494622813914 0.914806336957159 0.888489999109137 0.839089366549155 0.960315823961409 0.861168385911344 0.868319158192871 0.951419377357198 0.93892616384034 0.860082524191445 0.978570551811134 
0.972165579043012 0.982589818018338 0.975640453965987 0.974138090054742 0.709018173464792 0.968161397638845 0.976726412142944 0.954271300467851 0.981270284124473 0.976951967182328 0.97235030108628 0.975921798335044 0.973411741841643 0.949821842992915 0.781357864070543 0.980198244995253 0.871592625321929 1 0.972709594347093 0.972186034678529 0.965131307123682 0.968859976565255 0.87077572000539 0.781597888445409 0.971986758625798 0.873869705728022 0.899612817329191 0.97534053088416 0.82028111331508 
0.979891782591747 0.993677426223622 0.983149016512103 0.995601178335847 0.619716862425891 0.984480219866804 0.972763892155206 0.969540185451653 0.969010274374183 0.986532900328516 0.979558896519441 0.986743284716065 0.976904416399655 0.948750488297765 0.731294667871139 0.990703113154381 0.868494622813914 0.972709594347093 1 0.982994469670179 0.97982170787627 0.981687457759759 0.873033918563317 0.737440955816923 0.982905828584925 0.853039193783786 0.895161116831844 0.992695702024282 0.814238818932578 
0.98511293586586 0.985695677228744 0.989003956393353 0.976251948433786 0.672851946056431 0.965747692163058 0.965478196140289 0.945088367609724 0.990805237148211 0.982013449584947 0.962661760020176 0.971708453562186 0.99288231148622 0.980367392497308 0.821208930980111 0.986615645302353 0.914806336957159 0.972186034678529 0.982994469670179 1 0.975573313432047 0.962232095551798 0.921112212236165 0.783339092476107 0.974244155436151 0.916489268941479 0.943876780693981 0.974819578448357 0.864234511423203 
0.984847038082057 0.982669554862969 0.975479148228143 0.976990391183758 0.594504537370556 0.978178142871114 0.987453847105877 0.967706756874079 0.967173026638435 0.981437135245162 0.97802765867723 0.981773155538425 0.97113675846371 0.953028522003649 0.757973702377088 0.991941073733724 0.888489999109137 0.965131307123682 0.97982170787627 0.975573313432047 1 0.981043262032708 0.859725393534605 0.772426656063651 0.985127390639606 0.851280195503634 0.904137656665102 0.988596737954433 0.839486981464379 
0.968610785494464 0.988316866835239 0.976300190998302 0.991491639880446 0.536352034660938 0.997314797283303 0.981082514964273 0.995838612711471 0.95916504110454 0.98741398782631 0.997741458587491 0.997554338742877 0.951504426094073 0.923203380753837 0.696785462927775 0.988296643186545 0.839089366549155 0.968859976565255 0.981687457759759 0.962232095551798 0.981043262032708 1 0.809600870837543 0.722236652695752 0.989190096811577 0.805182792050956 0.86990883516828 0.995567162030697 0.786954548537697 
0.889641264520613 0.874256668213959 0.884138376560072 0.848432378634236 0.774324161651995 0.811443157417271 0.858806709435783 0.767312506763954 0.915854023348048 0.845712050348078 0.807668159764756 0.823203894998572 0.927722716619092 0.951087609439607 0.924423233828732 0.876015479985011 0.960315823961409 0.87077572000539 0.873033918563317 0.921112212236165 0.859725393534605 0.809600870837543 1 0.813029464031418 0.849854327334108 0.974086974858063 0.940292417872003 0.843171468871905 0.91541322061821 
0.819095556070636 0.772658590149285 0.768889498244698 0.730638831244588 0.660002776735761 0.712508788753756 0.766293132982718 0.689341010253645 0.80190463547017 0.76345751032494 0.729550898404531 0.731732046659019 0.792866482375895 0.796891247440342 0.787825579895427 0.764320247520869 0.861168385911344 0.781597888445409 0.737440955816923 0.783339092476107 0.772426656063651 0.722236652695752 0.813029464031418 1 0.75981438340007 0.808994582663492 0.73807770879989 0.736958219992543 0.859528346641364 
0.982685593069052 0.990233960777161 0.981261648005541 0.987534255651227 0.579614713061431 0.988502438535333 0.977709844050438 0.980388777493116 0.974747835313022 0.987573306721043 0.989675771366887 0.991376956551867 0.971388784395601 0.947323971220849 0.735492839252623 0.992412292319459 0.868319158192871 0.971986758625798 0.982905828584925 0.974244155436151 0.985127390639606 0.989190096811577 0.849854327334108 0.75981438340007 1 0.844223999377288 0.890245493595523 0.990519782745491 0.81444622032039 
0.884095622202656 0.865301741286744 0.876026265008897 0.836090221056045 0.800319426869252 0.804668656806791 0.855235552471222 0.764726070855702 0.926530303372029 0.844694328974653 0.805466922416581 0.820866745201772 0.921328234814639 0.958265473553741 0.957046391223205 0.86673352410439 0.951419377357198 0.873869705728022 0.853039193783786 0.916489268941479 0.851280195503634 0.805182792050956 0.974086974858063 0.808994582663492 0.844223999377288 1 0.959314391790775 0.830853144785445 0.926805233422337 
0.907071415382383 0.902700778470262 0.909156046953045 0.88400419361522 0.683831961445401 0.864178929142659 0.914243162518061 0.834224408323371 0.950426034196609 0.886700046827231 0.862879740330942 0.876798325406448 0.943424691438644 0.971326091362391 0.919326275782734 0.912125566954491 0.93892616384034 0.899612817329191 0.895161116831844 0.943876780693981 0.904137656665102 0.86990883516828 0.940292417872003 0.73807770879989 0.890245493595523 0.959314391790775 1 0.88807166709466 0.889620772573213 
0.979545048948652 0.993798636504669 0.981703468982922 0.99462701464436 0.571466720177605 0.99318130392 0.987563336926079 0.985719029054673 0.966471720767083 0.98938416509221 0.992544966071414 0.995094894562615 0.967954563259457 0.941726651370199 0.723257667796712 0.995514404144898 0.860082524191445 0.97534053088416 0.992695702024282 0.974819578448357 0.988596737954433 0.995567162030697 0.843171468871905 0.736958219992543 0.990519782745491 0.830853144785445 0.88807166709466 1 0.806583620686618 
0.860160812349808 0.82711732812124 0.830527423168256 0.802373370675519 0.6864639870181 0.779655128932652 0.837064480313661 0.747604002488097 0.866420318152679 0.812221969015972 0.776676266377551 0.791548504760541 0.861727852803859 0.911826560539504 0.923077226117795 0.833255106696169 0.978570551811134 0.82028111331508 0.814238818932578 0.864234511423203 0.839486981464379 0.786954548537697 0.91541322061821 0.859528346641364 0.81444622032039 0.926805233422337 0.889620772573213 0.806583620686618 1 
